2.1134486198425293
0.7253310680389404
0.6011717319488525
0.5918958187103271
0.6036992073059082
0.40638089179992676
0.39597105979919434
0.6059668064117432
0.3875432014465332
0.6024620532989502
0.4314095973968506
0.6375305652618408
0.5521647930145264
0.5878987312316895
0.5861063003540039
0.6016969680786133
0.4051079750061035
0.6030247211456299
0.591425895690918
0.3987853527069092
0.5906431674957275
0.6167142391204834
0.5940124988555908
0.3895387649536133
0.4030952453613281
0.4064207077026367
0.6088204383850098
0.5879080295562744
0.39741015434265137
0.6003439426422119
0.404674768447876
0.3920276165008545
0.5994465351104736
0.4271121025085449
0.5744466781616211
0.6019794940948486
0.6012063026428223
0.389324426651001
0.40308213233947754
0.400252103805542
0.4156055450439453
0.5822420120239258
0.5926084518432617
0.6230669021606445
0.6059129238128662
0.600064754486084
0.6177847385406494
0.7599284648895264
0.4015493392944336
0.39555931091308594
0.5920848846435547
0.4070875644683838
0.6012992858886719
0.6449391841888428
0.5602896213531494
0.38337016105651855
0.60595703125
0.6001932621002197
0.39874982833862305
0.606773853302002
0.6562244892120361
0.5313692092895508
0.6116175651550293
0.3897862434387207
0.40775108337402344
0.39438509941101074
0.3977792263031006
0.39717841148376465
0.4084746837615967
0.6187679767608643
0.5702168941497803
0.6033577919006348
0.3988528251647949
0.3965308666229248
0.5977170467376709
0.4055814743041992
0.7237234115600586
0.4750711917877197
0.39749765396118164
0.40888071060180664
0.5819699764251709
0.6131927967071533
0.39025425910949707
0.4069094657897949
0.39604663848876953
0.4328618049621582
0.5654854774475098
0.39786458015441895
0.40479397773742676
0.39115214347839355
0.6017031669616699
0.5913074016571045
0.40521955490112305
0.5978858470916748
0.40164685249328613
0.5978469848632812
0.3927016258239746
0.6126599311828613
0.6002407073974609
0.39542317390441895
