0.36471104621887207
0.40515732765197754
0.4095027446746826
0.3856055736541748
0.41191577911376953
0.3901174068450928
0.3969588279724121
0.3989856243133545
0.39971017837524414
0.40114927291870117
0.39954519271850586
0.3937203884124756
0.4053349494934082
0.405780553817749
0.3943791389465332
0.4055662155151367
0.3896498680114746
0.3968780040740967
0.4052243232727051
0.4034557342529297
0.39180612564086914
0.4024679660797119
0.39800024032592773
0.42734408378601074
0.38892269134521484
0.3974623680114746
0.42673730850219727
0.36197400093078613
0.3972797393798828
0.40422511100769043
0.39194679260253906
0.40203094482421875
0.4026627540588379
0.395143985748291
0.40245556831359863
0.391552209854126
0.4034233093261719
0.3965930938720703
0.40642690658569336
0.42107653617858887
0.4218120574951172
0.354663610458374
0.40443992614746094
0.3896019458770752
0.4046761989593506
0.41724419593811035
0.38200998306274414
0.39580297470092773
0.4099550247192383
0.3941223621368408
0.39437127113342285
0.4035608768463135
0.39674997329711914
0.40021681785583496
0.3963901996612549
0.39879798889160156
0.4062671661376953
0.3893554210662842
0.4009280204772949
0.4009432792663574
0.3972151279449463
0.3957366943359375
0.44867920875549316
0.35953736305236816
0.3940269947052002
0.4019784927368164
0.4018230438232422
0.39734435081481934
0.3978536128997803
0.41133618354797363
0.38690757751464844
0.39694643020629883
0.41838645935058594
0.3988049030303955
0.3970170021057129
0.4046945571899414
0.4056389331817627
0.39372706413269043
0.41429805755615234
0.38199687004089355
0.383101224899292
0.40135622024536133
0.3940768241882324
0.40732693672180176
0.3954019546508789
0.397479772567749
0.4020860195159912
0.396134614944458
0.40021657943725586
0.3992023468017578
0.3987090587615967
0.40085911750793457
0.4045219421386719
0.39705586433410645
0.4244375228881836
0.39290833473205566
0.39003467559814453
0.41278076171875
0.38276028633117676
0.3944129943847656
