2.090738534927368
1.0593187808990479
0.8482506275177002
0.955272912979126
0.9221830368041992
1.0955989360809326
1.0798635482788086
0.8730900287628174
0.9065945148468018
0.9341838359832764
1.012646198272705
1.0151758193969727
0.9825820922851562
1.0021953582763672
0.8994426727294922
1.008570909500122
0.9434230327606201
0.7236626148223877
0.817908763885498
0.7825145721435547
0.8982205390930176
1.021409511566162
0.8625638484954834
0.9501581192016602
0.8884446620941162
0.8646097183227539
0.8641293048858643
0.8665890693664551
0.8470499515533447
1.0531885623931885
1.0692548751831055
0.9121050834655762
1.0491938591003418
1.0297119617462158
1.0936872959136963
1.2416949272155762
0.8998551368713379
0.8554043769836426
0.8137831687927246
0.9151217937469482
0.9419500827789307
0.9487793445587158
1.0908896923065186
0.857813835144043
0.8917577266693115
0.9321072101593018
1.12003755569458
0.9856464862823486
0.8472409248352051
0.7124550342559814
0.6191253662109375
0.899824857711792
0.8836977481842041
0.945913553237915
0.9469797611236572
0.713085412979126
0.96726393699646
0.83113694190979
1.009342908859253
1.0416855812072754
0.9483225345611572
1.0456383228302002
0.8089308738708496
0.8256406784057617
0.9438881874084473
1.0498099327087402
0.8727478981018066
0.9170358180999756
0.7823708057403564
0.7993893623352051
0.992950439453125
0.954007625579834
0.8264741897583008
0.9806199073791504
1.0701656341552734
0.7198865413665771
1.0124006271362305
0.9643583297729492
0.9066722393035889
2.579058885574341
1.1775944232940674
1.8221895694732666
1.1640918254852295
1.6033532619476318
2.1716644763946533
1.5240981578826904
1.0631084442138672
0.8713521957397461
0.6817407608032227
1.2557361125946045
0.8160548210144043
0.7731475830078125
1.1425161361694336
1.011200189590454
0.9252550601959229
0.9360952377319336
1.3381714820861816
1.229276180267334
0.898094654083252
0.8723182678222656
