0.5555515289306641
0.780738115310669
0.5973365306854248
0.7986264228820801
0.6015031337738037
0.7992148399353027
0.5968801975250244
0.7975554466247559
0.8028323650360107
0.8001937866210938
0.5976872444152832
0.8013861179351807
0.5980331897735596
0.5970563888549805
0.599449872970581
0.8005561828613281
0.7985744476318359
0.7982616424560547
0.6024727821350098
0.5993969440460205
0.6242742538452148
0.7928950786590576
0.5978152751922607
0.5904343128204346
0.7871575355529785
0.8014013767242432
0.7974028587341309
0.8035895824432373
0.594228982925415
0.6031906604766846
0.7972326278686523
0.7987232208251953
0.7994303703308105
0.7930083274841309
0.8082869052886963
0.5973851680755615
0.600318431854248
0.5896918773651123
0.8111841678619385
0.7950594425201416
0.5934460163116455
0.6014769077301025
0.5986297130584717
0.8000659942626953
0.8002469539642334
0.6015670299530029
0.793632984161377
0.6008274555206299
0.7997729778289795
0.6410777568817139
0.7579212188720703
0.7978541851043701
0.6049983501434326
0.5960538387298584
0.7971220016479492
0.5975601673126221
0.6049022674560547
0.7905981540679932
0.8010773658752441
0.8027896881103516
0.6456680297851562
0.7535684108734131
0.8245482444763184
0.5747122764587402
0.5936422348022461
0.6027641296386719
0.5996739864349365
0.5946259498596191
0.6001925468444824
0.7999742031097412
0.6420588493347168
0.5577070713043213
0.7964565753936768
0.8002791404724121
0.612464427947998
0.7993381023406982
0.7993204593658447
0.799067497253418
0.6000986099243164
0.5961346626281738
0.7991843223571777
0.8062412738800049
0.8127799034118652
0.5754849910736084
0.7919902801513672
0.5994820594787598
0.596975564956665
0.7963619232177734
0.625075101852417
0.5928871631622314
0.5980305671691895
0.8304839134216309
0.5917425155639648
0.6280667781829834
0.79593825340271
0.8027329444885254
0.5267336368560791
0.6084961891174316
0.7957062721252441
0.7983462810516357
